positive\1.jpg 2 378 184 64 26 479 190 51 28
positive\10.jpg 2 571 182 46 40 660 223 43 39
positive\100.jpg 2 321 259 61 35 414 260 56 25
positive\101.jpg 2 328 207 52 31 413 203 51 31
positive\102.jpg 2 376 264 48 37 468 291 43 40
positive\103.jpg 2 334 247 53 34 249 287 55 28
positive\104.jpg 2 330 173 45 28 411 176 44 32
positive\105.jpg 2 237 247 45 37 303 205 42 31
positive\106.jpg 1 241 244 40 40
positive\107.jpg 2 273 195 72 56 162 270 60 47
positive\108.jpg 2 333 201 79 42 467 199 67 49
positive\109.jpg 2 323 204 52 32 412 201 47 35
positive\11.jpg 2 181 237 51 31 266 195 53 41
positive\110.jpg 2 326 180 48 34 409 176 45 38
positive\12.jpg 2 381 169 45 42 467 180 58 40
positive\13.jpg 2 364 170 60 37 461 183 58 35
positive\14.jpg 2 419 117 53 41 511 128 56 40
positive\15.jpg 2 380 226 59 36 487 231 56 46
positive\16.jpg 1 492 160 46 34
positive\17.jpg 1 398 157 58 34
positive\18.jpg 2 363 194 56 34 465 202 52 27
positive\19.jpg 2 378 188 49 39 469 196 58 37
positive\2.jpg 2 332 134 103 67 519 150 107 67
positive\20.jpg 2 375 185 55 36 474 192 52 39
positive\21.jpg 2 340 166 57 40 437 169 59 39
positive\22.jpg 2 340 171 55 35 438 171 53 36
positive\23.jpg 1 336 171 58 35
positive\24.jpg 1 434 173 59 35
positive\25.jpg 2 338 160 79 43 482 158 77 49
positive\26.jpg 2 403 172 59 41 499 188 52 40
positive\27.jpg 2 286 200 49 37 367 175 59 38
positive\28.jpg 2 357 286 37 26 426 291 36 25
positive\29.jpg 1 367 288 36 30
positive\3.jpg 2 380 264 33 26 447 271 38 25
positive\30.jpg 1 399 281 37 27
positive\31.jpg 2 428 208 55 46 524 227 56 51
positive\32.jpg 1 418 202 63 48
positive\33.jpg 2 411 205 58 49 512 224 52 48
positive\34.jpg 2 372 294 37 27 440 301 39 28
positive\35.jpg 2 184 320 45 24 250 297 47 25
positive\36.jpg 2 481 308 40 36 551 326 33 34
positive\37.jpg 2 139 244 58 32 236 223 56 41
positive\38.jpg 2 311 233 48 30 391 234 46 32
positive\39.jpg 2 310 248 46 33 390 252 44 30
positive\4.jpg 2 416 183 55 37 509 191 45 37
positive\40.jpg 2 335 242 49 34 417 249 46 31
positive\41.jpg 2 352 184 58 37 442 178 52 47
positive\42.jpg 1 355 189 51 37
positive\43.jpg 1 445 179 50 47
positive\44.jpg 2 355 181 55 40 439 179 61 43
positive\45.jpg 2 482 179 49 48 558 219 45 48
positive\46.jpg 2 272 203 54 43 348 179 63 41
positive\47.jpg 2 377 281 37 25 439 282 37 30
positive\48.jpg 2 224 299 40 29 287 282 44 27
positive\49.jpg 2 476 273 45 37 546 286 40 38
positive\5.jpg 2 318 174 46 45 394 179 60 42
positive\50.jpg 2 346 199 71 52 460 193 72 58
positive\51.jpg 2 213 205 66 49 325 188 76 56
positive\52.jpg 1 264 221 54 30
positive\53.jpg 1 471 210 45 42
positive\54.jpg 2 199 311 46 27 269 293 43 25
positive\55.jpg 2 358 277 42 27 424 277 38 34
positive\56.jpg 2 378 172 55 44 471 175 54 49
positive\57.jpg 2 325 125 111 83 512 136 104 82
positive\58.jpg 2 392 254 42 37 463 268 37 28
positive\59.jpg 2 370 209 62 37 461 177 45 35
positive\6.jpg 2 371 139 52 37 463 140 47 47
positive\60.jpg 2 457 182 50 43 533 220 50 56
positive\61.jpg 2 393 174 54 49 486 185 53 44
positive\62.jpg 2 388 176 53 38 478 183 52 40
positive\63.jpg 1 388 158 57 32
positive\64.jpg 1 488 164 51 38
positive\65.jpg 2 395 174 52 35 482 178 44 40
positive\66.jpg 2 383 266 55 39 477 277 50 32
positive\67.jpg 2 332 206 42 38 394 212 56 43
positive\68.jpg 2 453 201 54 44 536 218 34 35
positive\69.jpg 2 380 221 53 40 466 234 50 39
positive\7.jpg 2 362 222 60 43 468 232 51 38
positive\70.jpg 2 389 227 53 36 476 238 48 36
positive\71.jpg 2 383 221 53 38 471 230 50 40
positive\72.jpg 2 397 220 49 46 482 232 46 40
positive\73.jpg 2 368 171 73 61 487 203 95 79
positive\74.jpg 2 467 194 88 49 596 171 59 50
positive\75.jpg 2 378 127 80 40 509 135 67 40
positive\76.jpg 2 382 182 62 33 485 188 58 35
positive\77.jpg 1 390 183 60 37
positive\78.jpg 1 468 177 59 43
positive\79.jpg 2 395 142 49 30 496 147 45 36
positive\8.jpg 2 392 149 49 44 489 180 50 45
positive\80.jpg 2 389 239 56 35 499 243 51 37
positive\81.jpg 2 368 211 57 33 462 166 48 42
positive\82.jpg 2 432 167 52 48 529 207 46 47
positive\83.jpg 2 384 180 61 41 486 190 59 37
positive\84.jpg 2 377 168 55 28 477 176 60 32
positive\85.jpg 1 403 159 60 30
positive\86.jpg 1 500 159 45 38
positive\87.jpg 2 338 164 91 54 495 168 96 51
positive\88.jpg 2 385 259 34 25 454 262 31 25
positive\89.jpg 2 386 211 54 40 486 222 51 40
positive\9.jpg 2 346 185 61 38 448 168 62 42
positive\90.jpg 2 376 210 53 34 469 221 57 36
positive\91.jpg 2 356 174 60 31 452 171 52 35
positive\92.jpg 2 352 176 55 29 450 170 50 35
positive\93.jpg 1 339 175 60 34
positive\94.jpg 1 435 167 59 40
positive\95.jpg 2 365 284 42 23 435 288 39 25
positive\96.jpg 2 332 205 82 57 486 201 83 58
positive\97.jpg 2 392 194 47 34 476 220 42 43
positive\98.jpg 1 275 232 47 39
positive\99.jpg 1 444 199 45 45
positive\111.jpg 2 367 194 67 53 483 203 66 60
positive\112.jpg 2 393 287 30 26 455 291 36 30
positive\113.jpg 2 360 324 32 28 413 284 35 32
positive\114.jpg 2 453 292 35 36 511 332 30 41
positive\115.jpg 1 472 252 38 36
positive\116.jpg 1 399 238 40 27
positive\117.jpg 2 381 259 43 30 460 265 44 30
positive\118.jpg 2 386 260 41 33 464 266 44 32
positive\119.jpg 2 386 263 45 31 467 269 43 34
positive\120.jpg 2 366 253 48 27 448 249 43 35
positive\121.jpg 2 605 272 41 41 662 324 36 50
positive\122.jpg 1 295 245 42 32
positive\123.jpg 2 394 207 39 26 471 211 38 30
positive\124.jpg 2 385 326 48 34 468 324 46 33
positive\125.jpg 1 360 249 45 36
positive\126.jpg 1 496 264 44 38
positive\127.jpg 2 314 180 86 60 463 192 83 65
positive\128.jpg 2 319 163 80 58 463 170 80 59
positive\129.jpg 2 390 289 36 26 453 294 36 26
positive\130.jpg 2 390 289 35 27 453 293 37 29
positive\131.jpg 2 390 292 33 23 454 295 32 26
positive\132.jpg 2 501 229 43 41 570 280 38 47
positive\133.jpg 1 488 217 43 43
positive\134.jpg 1 564 264 39 49
positive\135.jpg 1 342 220 40 28
positive\136.jpg 2 473 309 37 36 529 336 25 30
positive\137.jpg 2 346 278 32 20 402 284 31 24
positive\138.jpg 1 412 357 33 21
positive\139.jpg 1 492 230 61 47
positive\140.jpg 1 375 219 82 57
positive\141.jpg 2 344 223 77 76 473 245 84 62
positive\142.jpg 2 295 81 65 41 406 77 63 47
positive\143.jpg 1 296 69 68 55
positive\144.jpg 2 489 70 56 55 573 138 57 68
positive\145.jpg 2 426 81 48 38 518 93 41 45
positive\146.jpg 1 279 101 56 34
positive\147.jpg 1 358 93 62 43
positive\148.jpg 1 610 137 55 51
positive\149.jpg 1 204 137 65 38
positive\150.jpg 1 206 137 58 32
positive\151.jpg 1 324 309 35 26
positive\152.jpg 2 475 298 36 39 527 337 30 36
positive\153.jpg 1 447 245 57 36
positive\154.jpg 2 461 251 55 42 366 249 58 34
positive\155.jpg 2 419 229 45 40 495 255 42 38
positive\156.jpg 2 372 222 49 40 454 242 48 36
positive\157.jpg 1 459 251 53 44
positive\158.jpg 1 413 220 55 35
positive\159.jpg 1 565 292 32 42
positive\160.jpg 2 465 115 61 46 355 119 64 39
positive\161.jpg 2 451 169 21 15 487 172 20 14
positive\162.jpg 2 327 136 24 23 362 149 21 19
positive\163.jpg 2 181 72 25 24 220 98 22 22
positive\164.jpg 1 582 313 45 30
positive\165.jpg 1 354 263 45 31
positive\166.jpg 2 292 516 44 35 359 526 36 33
positive\167.jpg 2 463 539 46 33 536 552 41 32
positive\168.jpg 2 496 168 21 21 533 180 21 17
positive\169.jpg 2 291 135 24 23 329 141 21 17
positive\170.jpg 2 201 113 28 25 243 125 19 17
positive\171.jpg 2 175 105 28 23 220 119 28 16
positive\172.jpg 2 125 106 25 22 169 116 16 16
positive\173.jpg 2 128 73 28 24 172 85 20 18
positive\174.jpg 2 109 156 28 31 156 194 24 27
positive\175.jpg 2 270 143 33 31 308 181 29 34
positive\176.jpg 2 534 109 26 22 575 126 22 20
positive\177.jpg 2 308 104 26 30 340 143 19 22
positive\178.jpg 2 372 190 35 27 428 201 31 20
positive\179.jpg 2 475 191 30 20 526 191 39 19
positive\180.jpg 1 334 123 23 18
positive\181.jpg 1 206 103 32 20
positive\182.jpg 2 138 194 35 29 199 209 34 25
positive\183.jpg 2 549 184 43 28 616 196 33 26
positive\184.jpg 2 405 124 25 17 445 126 24 19
positive\185.jpg 1 274 117 23 16
positive\186.jpg 2 219 88 28 21 262 98 21 21
positive\187.jpg 2 494 77 26 22 541 84 25 23
positive\188.jpg 2 542 216 37 26 599 220 25 26
positive\189.jpg 2 527 201 32 38 579 232 38 34
positive\190.jpg 2 482 242 38 26 541 213 30 27
positive\191.jpg 2 263 158 35 38 300 210 28 43
positive\192.jpg 2 141 170 45 27 204 141 40 31
positive\193.jpg 1 543 188 39 36
positive\194.jpg 1 632 221 28 36
positive\195.jpg 1 302 155 43 24
positive\196.jpg 1 299 154 46 29
positive\197.jpg 2 473 142 25 21 514 146 23 21
positive\198.jpg 2 346 129 24 18 384 135 22 21
positive\199.jpg 2 274 107 24 27 310 129 20 19
positive\200.jpg 2 176 63 27 30 218 89 28 32
positive\201.jpg 2 179 76 27 23 222 83 30 21
positive\202.jpg 2 554 78 30 24 598 90 26 26
positive\203.jpg 2 564 92 32 24 609 104 28 21
positive\204.jpg 2 492 538 43 32 556 553 35 28
positive\205.jpg 2 459 505 40 35 527 524 34 33
positive\206.jpg 2 366 553 46 25 432 534 40 26
positive\207.jpg 2 219 90 28 22 261 98 29 17
positive\208.jpg 2 304 208 46 34 370 223 27 25
positive\209.jpg 2 420 142 23 20 458 141 23 23
positive\210.jpg 2 302 130 24 22 341 136 23 20
positive\211.jpg 2 184 124 25 30 218 150 21 22
positive\212.jpg 2 144 191 35 27 189 211 19 24
positive\213.jpg 2 212 306 31 33 259 330 22 26
positive\214.jpg 2 278 300 28 38 320 327 21 28
positive\215.jpg 2 541 215 38 30 599 229 34 27
positive\216.jpg 1 459 542 35 28
positive\217.jpg 2 300 551 37 32 359 563 27 26
positive\218.jpg 2 338 516 30 31 387 546 33 36
positive\219.jpg 1 239 526 47 26
positive\220.jpg 2 474 530 33 32 533 550 29 31
positive\221.jpg 2 427 536 41 22 370 559 42 24
positive\222.jpg 2 633 178 31 35 686 200 23 34
positive\223.jpg 2 268 188 44 25 325 159 30 25
positive\224.jpg 2 179 171 42 30 237 164 28 25
positive\225.jpg 2 232 77 29 26 276 88 25 25
positive\226.jpg 2 519 103 24 27 558 121 22 25
positive\227.jpg 2 108 508 47 33 187 505 51 38
positive\228.jpg 2 298 500 43 39 373 503 44 46
positive\229.jpg 2 422 518 53 36 502 532 49 42
positive\230.jpg 2 520 102 25 24 562 109 23 21
positive\231.jpg 2 305 110 28 22 346 112 22 20
positive\232.jpg 2 225 95 27 25 265 103 22 23
positive\233.jpg 2 230 159 33 21 277 168 25 18
positive\234.jpg 2 382 130 30 25 427 140 20 21
positive\235.jpg 2 517 116 27 30 560 138 24 24
positive\236.jpg 2 232 216 32 37 273 259 39 44
positive\237.jpg 2 518 184 49 39 579 147 36 37
positive\238.jpg 2 570 523 50 44 647 547 37 39
positive\239.jpg 2 552 103 26 27 592 119 22 26
positive\240.jpg 2 362 98 27 17 400 69 30 26
positive\241.jpg 2 308 75 29 33 346 102 24 31
positive\242.jpg 2 237 41 27 23 280 23 29 26
positive\243.jpg 2 248 143 36 23 299 146 27 20
positive\244.jpg 2 528 115 28 23 576 128 29 22
positive\245.jpg 2 501 534 37 25 561 527 30 24
positive\246.jpg 2 236 552 40 30 302 564 34 29
positive\247.jpg 2 317 547 39 27 380 561 33 26
positive\248.jpg 2 573 72 30 23 619 76 29 23
positive\249.jpg 2 573 99 41 42 636 124 37 25
positive\250.jpg 2 346 195 32 30 394 221 23 24
positive\251.jpg 2 327 281 40 41 385 316 30 35
positive\252.jpg 2 456 130 28 21 497 133 20 21
positive\253.jpg 2 430 126 31 20 476 127 23 21
positive\254.jpg 2 200 113 29 22 242 121 22 19
positive\255.jpg 2 211 208 34 32 269 227 34 29
positive\256.jpg 2 212 286 38 35 274 306 37 30
positive\257.jpg 2 349 284 36 34 404 305 34 33
positive\258.jpg 2 420 287 41 40 480 312 31 33
positive\259.jpg 2 497 266 40 34 560 293 29 30
positive\260.jpg 2 579 260 39 36 639 289 33 30
positive\261.jpg 1 568 340 31 30
positive\262.jpg 2 364 99 25 23 410 98 18 20
positive\263.jpg 2 204 109 24 21 247 115 24 21
positive\264.jpg 1 199 113 29 23
positive\265.jpg 1 245 120 25 19
positive\266.jpg 2 52 302 43 32 132 302 40 34
positive\267.jpg 2 467 113 29 18 513 110 24 19
positive\268.jpg 1 692 24 37 29
positive\269.jpg 1 550 21 50 37
positive\270.jpg 2 383 528 35 24 442 529 32 26
positive\271.jpg 1 415 514 40 26
positive\272.jpg 2 103 488 33 26 167 492 31 32
positive\273.jpg 2 95 101 26 21 140 105 26 22
positive\274.jpg 2 246 110 27 19 289 114 23 20
positive\275.jpg 1 241 109 22 23
positive\276.jpg 1 290 110 20 27
positive\277.jpg 2 433 134 23 23 474 140 26 23
positive\278.jpg 1 157 99 24 23
positive\279.jpg 2 297 187 23 18 333 187 20 17
positive\280.jpg 2 630 157 34 26 693 165 31 30
positive\281.jpg 2 698 160 32 36 690 161 39 31
positive\282.jpg 1 628 152 30 23
positive\283.jpg 1 522 96 23 26
positive\284.jpg 1 482 62 26 20
positive\285.jpg 1 274 188 28 32
positive\286.jpg 1 225 56 28 28
positive\287.jpg 2 550 123 25 20 510 125 27 16
positive\288.jpg 2 568 73 38 27 628 71 34 29
positive\289.jpg 1 142 85 34 26
positive\290.jpg 2 81 123 24 21 35 126 24 17
positive\291.jpg 2 156 164 23 21 196 168 19 23
positive\292.jpg 2 421 184 20 25 457 187 21 21
positive\293.jpg 1 218 53 32 23
positive\294.jpg 2 495 169 24 18 534 165 21 21
positive\295.jpg 1 648 54 31 29
positive\296.jpg 1 462 23 36 28
positive\297.jpg 1 134 121 33 20
positive\298.jpg 1 282 126 27 20
positive\299.jpg 2 188 329 41 30 257 332 37 34
positive\300.jpg 2 549 113 30 21 595 108 26 24
positive\301.jpg 1 468 47 32 22
positive\302.jpg 2 245 99 22 23 200 102 24 18
positive\303.jpg 2 47 206 35 29 111 215 33 27
positive\304.jpg 2 46 206 36 29 112 214 32 27
positive\305.jpg 2 531 110 26 20 581 110 23 23
positive\306.jpg 1 283 36 30 24
positive\307.jpg 2 519 107 29 18 567 105 25 20
positive\308.jpg 2 423 312 41 28 498 301 48 33
positive\309.jpg 1 603 322 45 49
positive\310.jpg 1 160 356 52 31
positive\311.jpg 1 124 90 46 29
positive\312.jpg 2 405 59 30 28 455 56 33 26
positive\313.jpg 2 613 94 34 36 665 121 28 41
positive\314.jpg 1 194 172 50 31
positive\315.jpg 1 411 71 34 25
positive\316.jpg 2 594 80 34 32 654 90 37 34
positive\317.jpg 2 584 145 49 37 677 146 51 42
positive\318.jpg 1 365 100 25 27
positive\319.jpg 1 212 52 29 24
positive\320.jpg 1 677 362 51 39
positive\321.jpg 2 169 382 50 37 252 384 49 31
positive\322.jpg 1 565 67 44 27
positive\323.jpg 1 247 44 39 24
positive\324.jpg 2 629 58 41 32 694 70 35 31
positive\325.jpg 1 316 191 22 21
positive\326.jpg 1 233 138 22 22
positive\327.jpg 1 155 126 25 18
positive\328.jpg 2 396 142 27 23 438 147 24 23
positive\329.jpg 2 469 242 34 33 528 261 34 32
positive\330.jpg 2 129 124 24 22 171 128 25 21
positive\331.jpg 2 53 106 44 24 117 103 32 22
positive\332.jpg 2 266 115 26 23 314 119 19 22
positive\333.jpg 2 516 145 27 24 560 153 25 25
positive\334.jpg 1 263 68 27 28
positive\335.jpg 1 186 366 48 30
positive\336.jpg 1 576 419 44 41
positive\337.jpg 1 119 80 27 26
positive\338.jpg 2 464 102 30 24 510 108 28 28
positive\339.jpg 2 610 21 37 29 671 21 34 34
positive\340.jpg 1 245 76 30 23
positive\341.jpg 2 72 124 29 22 118 128 25 23
positive\342.jpg 2 115 322 34 26 178 325 33 27
positive\343.jpg 2 434 117 38 26 491 117 32 27
positive\344.jpg 1 484 105 27 22
positive\345.jpg 1 259 106 23 28
positive\346.jpg 2 581 88 29 18 638 89 31 21
positive\347.jpg 2 229 101 26 24 275 104 26 20
positive\348.jpg 2 299 277 35 22 351 265 34 20
positive\349.jpg 2 524 87 30 25 578 87 29 27
positive\350.jpg 1 288 102 23 25
positive\351.jpg 2 324 211 60 43 427 212 55 45
positive\352.jpg 1 251 181 68 45
positive\353.jpg 1 195 201 73 39
positive\354.jpg 1 379 193 67 44
positive\355.jpg 1 373 144 55 48
positive\356.jpg 2 431 216 60 54 537 243 53 56
positive\357.jpg 2 55 349 82 50 193 334 95 54
positive\358.jpg 1 205 336 76 47
positive\359.jpg 2 289 421 82 59 440 428 72 61
positive\360.jpg 2 326 298 40 32 394 301 39 35
positive\361.jpg 1 217 302 46 28
positive\362.jpg 2 495 346 43 38 557 390 34 41
positive\363.jpg 2 502 292 61 58 606 344 52 63
positive\364.jpg 2 322 146 49 36 420 145 58 54
positive\365.jpg 1 193 140 58 49
positive\366.jpg 1 93 230 78 47
positive\367.jpg 1 611 243 65 40
positive\368.jpg 1 599 246 70 44
positive\369.jpg 1 567 183 61 53
positive\370.jpg 2 399 254 67 48 514 263 71 43
positive\371.jpg 2 237 231 56 33 327 228 50 37
positive\372.jpg 1 248 306 56 37
positive\373.jpg 1 442 397 89 67
positive\374.jpg 1 417 298 68 54
positive\375.jpg 2 321 202 78 54 230 231 44 28
positive\376.jpg 1 250 310 59 51
positive\377.jpg 2 520 172 60 44 631 167 62 47
positive\378.jpg 2 407 165 58 44 293 165 65 39
positive\379.jpg 2 500 422 84 79 653 439 84 75
positive\380.jpg 1 233 430 95 55
positive\381.jpg 2 234 296 51 34 317 307 39 38
positive\382.jpg 2 191 346 44 32 117 367 37 26
positive\383.jpg 0
positive\384.jpg 0
positive\385.jpg 0
positive\386.jpg 2 430 208 64 45 546 219 61 51
positive\387.jpg 2 387 420 75 50 523 433 73 53
positive\388.jpg 1 285 437 68 50
positive\389.jpg 1 214 343 73 62
positive\390.jpg 2 239 234 63 51 127 239 61 42
positive\391.jpg 2 525 298 61 38 631 306 50 49
positive\392.jpg 2 524 418 76 68 655 437 63 56
positive\393.jpg 1 360 336 78 53
positive\394.jpg 1 290 185 55 47
positive\395.jpg 1 544 214 49 47
positive\396.jpg 1 307 403 67 51
positive\397.jpg 1 177 277 60 46
positive\398.jpg 2 113 168 59 41 224 173 65 39
positive\399.jpg 1 411 206 64 37
positive\400.jpg 2 456 360 90 60 336 382 65 37
positive\401.jpg 2 337 158 65 42 445 159 66 44
positive\402.jpg 2 299 189 66 42 390 139 62 41
positive\403.jpg 2 340 176 54 41 432 188 50 39
positive\404.jpg 2 413 160 54 43 505 175 48 38
positive\405.jpg 2 328 169 51 39 419 177 50 35
positive\406.jpg 2 218 189 51 30 307 178 47 33
positive\407.jpg 2 341 166 43 35 425 175 49 36
positive\408.jpg 2 374 165 50 39 472 176 50 37
positive\409.jpg 2 375 170 52 36 470 179 54 36
positive\410.jpg 2 374 168 55 38 470 179 54 34
positive\411.jpg 2 374 170 59 37 473 178 49 40
positive\412.jpg 2 377 170 53 36 473 178 52 38
positive\413.jpg 2 378 170 53 34 473 179 52 37
positive\414.jpg 2 378 171 53 35 472 181 54 36
positive\415.jpg 2 386 175 57 34 487 181 50 36
positive\416.jpg 2 389 173 57 35 485 184 56 34
positive\417.jpg 2 388 173 57 33 486 184 53 34
positive\418.jpg 2 393 174 53 33 492 185 51 34
positive\419.jpg 2 386 169 57 37 486 171 58 40
positive\420.jpg 2 394 165 56 37 487 172 63 35
positive\421.jpg 2 379 162 61 34 477 168 60 40
positive\422.jpg 2 381 164 54 38 481 173 53 40
positive\423.jpg 2 375 163 61 40 478 172 59 40
positive\424.jpg 2 379 167 59 38 480 175 59 36
positive\425.jpg 2 384 168 57 37 483 176 56 40
positive\426.jpg 2 370 159 62 35 471 169 70 31
positive\427.jpg 2 376 162 60 34 479 172 61 32
positive\428.jpg 2 442 161 66 36 551 179 53 33
positive\429.jpg 2 302 166 58 30 399 158 66 31
positive\430.jpg 2 364 163 61 34 470 169 57 37
positive\431.jpg 2 363 165 55 35 461 173 57 35
positive\432.jpg 2 361 163 59 35 466 168 54 40
positive\433.jpg 2 361 161 59 37 465 166 59 41
positive\434.jpg 2 384 186 69 45 500 199 62 42
positive\435.jpg 2 392 153 69 40 500 165 56 36
positive\436.jpg 2 342 159 61 36 444 158 57 42
positive\437.jpg 2 410 157 62 33 516 173 52 37
positive\438.jpg 2 189 177 68 30 296 171 65 33
positive\439.jpg 2 371 163 64 33 486 175 52 35
positive\440.jpg 2 378 157 63 42 482 171 61 35
positive\441.jpg 2 378 161 65 35 487 172 57 37
positive\442.jpg 2 380 162 66 35 489 174 56 35
positive\443.jpg 2 388 161 58 35 489 168 61 40
positive\444.jpg 2 522 152 56 47 618 190 53 49
positive\445.jpg 2 213 207 53 34 302 163 64 43
positive\446.jpg 2 370 102 58 43 471 103 63 43
positive\447.jpg 2 392 182 61 37 500 189 56 39
positive\448.jpg 2 567 116 67 51 683 147 68 44
positive\449.jpg 2 139 155 62 32 240 149 65 41
positive\450.jpg 2 364 151 61 42 470 164 61 41
positive\451.jpg 2 374 201 53 34 474 207 57 29
positive\452.jpg 2 384 205 48 30 469 207 48 32
positive\453.jpg 2 378 213 44 27 464 214 44 25
positive\454.jpg 2 414 208 49 23 499 211 41 23
positive\455.jpg 2 378 215 46 27 459 213 49 32
positive\456.jpg 2 388 223 47 26 475 223 37 29
positive\457.jpg 2 340 241 44 26 413 229 46 27
positive\458.jpg 2 382 233 50 27 469 231 50 26
positive\459.jpg 2 355 232 47 25 435 225 46 25
positive\460.jpg 2 384 210 48 29 471 210 44 36
positive\461.jpg 2 383 221 52 31 470 221 45 30
positive\462.jpg 2 396 223 55 27 488 220 48 32
positive\463.jpg 2 389 220 46 27 472 215 43 30
positive\464.jpg 2 493 225 48 28 574 234 32 26
positive\465.jpg 2 382 247 53 32 474 251 45 25
positive\466.jpg 2 374 203 54 24 463 201 52 31
positive\467.jpg 2 356 169 62 39 465 171 54 36
positive\468.jpg 2 356 204 64 36 466 205 58 39
positive\469.jpg 2 404 218 70 39 525 222 67 37
positive\470.jpg 2 387 221 57 25 479 224 45 30
positive\471.jpg 2 406 187 53 31 501 182 51 33
positive\472.jpg 2 404 197 63 31 518 211 53 37
positive\473.jpg 2 322 233 48 28 407 232 41 28
positive\474.jpg 2 325 235 46 28 406 233 41 31
positive\475.jpg 2 346 234 43 26 283 244 35 23
positive\476.jpg 2 288 232 47 24 370 226 46 25
positive\477.jpg 2 336 242 47 30 425 247 45 28
positive\478.jpg 2 383 203 50 31 469 204 46 34
positive\479.jpg 2 357 202 51 31 446 203 47 29
positive\480.jpg 2 330 203 49 28 422 205 43 26
positive\481.jpg 2 387 181 54 35 487 185 53 38
positive\482.jpg 2 391 172 48 28 481 172 48 30
positive\483.jpg 2 364 190 54 29 464 186 55 32
positive\484.jpg 2 350 220 57 27 451 209 54 27
positive\485.jpg 2 420 206 64 27 528 207 56 34
positive\486.jpg 2 417 199 62 28 520 200 60 30
positive\487.jpg 2 408 188 61 31 521 188 56 32
positive\488.jpg 2 400 202 65 28 512 201 64 29
positive\489.jpg 1 537 197 56 31
positive\490.jpg 2 405 193 56 24 504 183 58 27
positive\491.jpg 2 413 218 64 29 520 213 60 32
positive\492.jpg 2 418 196 61 27 529 191 65 26
positive\493.jpg 2 403 188 56 31 503 181 64 31
positive\494.jpg 2 363 178 52 31 462 180 53 31
positive\495.jpg 2 412 191 68 39 532 191 67 36
positive\496.jpg 2 424 198 62 34 533 196 71 36
positive\497.jpg 2 515 215 66 34 635 203 70 37
positive\498.jpg 2 519 209 73 31 639 202 70 29
positive\499.jpg 2 311 219 60 25 417 214 50 27
positive\500.jpg 2 438 193 62 31 548 196 70 31
positive\501.jpg 2 432 192 63 34 544 191 62 39
positive\502.jpg 2 423 203 67 32 539 207 66 30
positive\503.jpg 2 383 195 69 36 510 206 63 34
positive\504.jpg 2 374 165 71 31 494 168 63 36
positive\505.jpg 2 551 222 51 29 650 240 54 28
positive\506.jpg 2 397 223 66 26 513 209 59 29
positive\507.jpg 2 374 185 62 29 482 181 64 35
positive\508.jpg 2 408 210 66 33 520 211 75 36
positive\509.jpg 2 443 187 46 24 368 198 40 17
positive\510.jpg 2 368 231 40 26 306 249 34 21
positive\511.jpg 2 467 244 49 25 551 253 40 24
positive\512.jpg 2 427 213 63 31 537 221 62 31
positive\513.jpg 2 388 210 54 24 485 211 48 28
positive\514.jpg 2 379 203 52 27 473 198 48 33
positive\515.jpg 2 373 221 59 30 479 214 68 33
positive\516.jpg 2 601 258 51 30 688 290 43 27
positive\517.jpg 2 394 200 64 29 311 209 48 28
positive\518.jpg 2 495 243 57 32 598 257 57 29
positive\519.jpg 2 455 211 47 24 548 210 47 33
positive\520.jpg 2 385 216 60 31 500 213 59 29
positive\521.jpg 2 389 221 56 26 486 215 55 29
positive\522.jpg 2 393 195 53 29 495 195 55 35
positive\523.jpg 2 450 237 61 29 558 240 59 30
positive\524.jpg 2 520 215 65 32 634 230 60 34
positive\525.jpg 2 370 206 64 29 484 202 74 27
positive\526.jpg 2 385 221 55 33 492 221 67 34
positive\527.jpg 2 446 193 63 32 561 191 65 39
positive\528.jpg 2 371 230 61 35 483 231 65 35
positive\529.jpg 2 525 195 70 35 640 211 50 36
positive\530.jpg 2 443 242 58 29 348 252 53 26
positive\531.jpg 2 419 210 56 32 340 235 50 27
positive\532.jpg 2 465 193 63 29 379 216 51 24
positive\533.jpg 2 455 201 56 34 554 201 58 33
positive\534.jpg 1 371 245 50 32
positive\535.jpg 2 329 231 59 33 433 237 60 26
positive\536.jpg 2 321 201 55 31 423 199 54 30
positive\537.jpg 0
positive\538.jpg 2 405 221 54 31 503 226 46 30
positive\539.jpg 2 404 220 50 34 502 228 49 28
positive\540.jpg 2 404 223 56 27 500 227 49 25
positive\541.jpg 2 339 262 43 36 407 220 43 35
positive\542.jpg 2 343 269 47 28 410 223 47 34
positive\543.jpg 2 373 253 45 35 287 279 52 25
positive\544.jpg 1 395 287 43 24
positive\545.jpg 2 355 240 54 30 445 230 50 26
positive\546.jpg 2 356 248 63 27 451 234 47 30
positive\547.jpg 2 415 257 56 30 516 265 47 25
positive\548.jpg 2 415 258 52 30 514 268 47 23
positive\549.jpg 2 439 250 46 32 376 259 32 24
positive\550.jpg 2 444 213 65 29 558 204 67 29
